1	GF123RF	4	3
2	DF456TY	10	51
3	ED654QW	22	57
7	GF153RF	7	53
10	DF456RY	16	35
6	EG654QW	20	14
4	GH123RF	13	16
6	DF879TY	18	47
9	EN754QW	13	19
9	GF183RS	22	2
10	DX652TY	15	14
5	BD684QW	15	39
1	GF128UF	10	43
1	DV426TY	10	46
10	AD754JW	3	4
3	GS423RF	12	58
7	DP456TX	10	58
9	ED784XW	23	58
10	GF932RS	1	32
7	DF476PL	17	21
10	ES924QW	10	4
8	GF153RF	11	29
9	DF456RY	11	10
8	EG654QW	2	43
7	GH123RF	23	29
9	DF879TY	23	46
8	EN754QW	13	32
8	GF183RS	17	12
4	DX652TY	3	54
1	BD684QW	11	40
6	GF128UF	20	22
8	DV426TY	21	41
7	AD754JW	3	35
1	GS423RF	2	48
8	DP456TX	6	9
9	ED784XW	1	6
10	GF932RS	9	38
5	DF476PL	19	1
5	ES924QW	1	5
6	GF153RF	10	53
8	DF456RY	8	8
4	EG654QW	10	39
5	GH123RF	10	56
8	DF879TY	19	50
2	EN754QW	19	21
6	GF183RS	10	5
4	DX652TY	21	48
5	BD684QW	22	43
1	GF128UF	3	44
7	DV426TY	12	22

