37.6395955088865 15.1620469291816 206.0 11:42:00
37.6396 15.16206 205.0 11:42:00
37.63979 15.16194 205.0 11:42:00
37.64 15.16186 204.0 11:42:03
37.64032 15.16177 202.0 11:42:05
37.64057 15.16175 202.0 11:42:09
37.64109 15.16164 204.0 11:42:13
37.64139 15.16156 205.0 11:42:39
37.64162 15.16146 205.0 11:42:54
37.64177 15.16136 205.0 11:42:58
37.64126 15.16154 205.0 11:43:01
37.64 15.16182 204.0 11:43:10
37.63954 15.16204 206.0 11:43:33
37.63856 15.16245 207.0 11:43:57
37.63823 15.1626 206.0 11:44:15
37.63805 15.16273 205.0 11:44:20
37.63719 15.16309 206.0 11:44:22
37.63685 15.16238 209.0 11:44:38
37.63568 15.16306 210.0 11:45:10
37.63516 15.16329 207.0 11:45:33
37.63472 15.16346 204.0 11:45:40
37.6336 15.16376 199.0 11:45:46
37.63313 15.16386 197.0 11:46:01
37.63141 15.16425 194.0 11:46:07
37.63107 15.1643 195.0 11:46:34
37.63095 15.16427 195.0 11:46:51
37.63083 15.16423 195.0 11:46:53
37.63044 15.16396 195.0 11:46:55
37.63028 15.16388 195.0 11:47:03
37.63011 15.16383 195.0 11:47:06
37.62977 15.16379 195.0 11:47:09
37.62967 15.1638 195.0 11:47:15
37.62928 15.1639 194.0 11:47:16
37.62905 15.16399 194.0 11:47:22
37.6285 15.1643 194.0 11:47:26
37.62836 15.16436 195.0 11:47:36
37.62814 15.1644 195.0 11:47:43
37.62799 15.16438 195.0 11:47:47
37.62781 15.16433 196.0 11:47:49
37.62769 15.16426 196.0 11:47:58
37.62751 15.1641 196.0 11:48:00
37.62733 15.1639 196.0 11:48:04
37.62731 15.16377 196.0 11:48:08
37.62722 15.16374 196.0 11:48:09
37.6271 15.1638 196.0 11:48:10
37.62706 15.16387 196.0 11:48:12
37.62702 15.16396 196.0 11:48:13
37.62703 15.16405 196.0 11:48:14
37.62701 15.16414 196.0 11:48:15
37.62679 15.16457 196.0 11:48:16
37.62641 15.16507 196.0 11:48:23
37.62487 15.16723 195.0 11:48:32
37.62471 15.16742 195.0 11:49:13
37.62447 15.16767 194.0 11:49:16
37.62408 15.16805 194.0 11:49:20
37.62389 15.16819 194.0 11:49:28
37.62369 15.16829 194.0 11:49:32
37.62332 15.16825 195.0 11:49:35
37.62311 15.16821 195.0 11:49:53
37.62269 15.16815 195.0 11:49:56
37.6224 15.16807 193.0 11:50:03
37.62182 15.16809 188.0 11:50:06
37.62174 15.16811 187.0 11:50:13
37.62147 15.16824 184.0 11:50:14
37.62138 15.16826 183.0 11:50:17
37.62115 15.16826 180.0 11:50:18
37.62083 15.1682 177.0 11:50:21
37.62065 15.16813 178.0 11:50:25
37.6207 15.16721 182.0 11:50:34
37.62007 15.16697 184.0 11:51:10
37.61983 15.16799 177.0 11:51:42
37.61996 15.16814 174.0 11:51:53
37.62057 15.16837 171.0 11:51:55
37.62062 15.16841 171.0 11:52:03
37.62065 15.16848 170.0 11:52:04
37.62071 15.16899 168.0 11:52:04
37.62068 15.16915 167.0 11:52:09
37.62063 15.16921 166.0 11:52:10
37.62056 15.16927 165.0 11:52:10
37.62043 15.16932 164.0 11:52:11
37.62031 15.16934 163.0 11:52:12
37.62019 15.16938 161.0 11:52:13
37.61964 15.1695 158.0 11:52:14
37.61962 15.16954 158.0 11:52:21
37.61964 15.16962 157.0 11:52:21
37.6196 15.16962 157.0 11:52:21
37.61946 15.16958 156.0 11:52:21
37.61936 15.16954 156.0 11:52:22
37.61919 15.16957 155.0 11:52:23
37.61881 15.16964 154.0 11:52:25
37.61841 15.16968 153.0 11:52:31
37.61775 15.16964 161.0 11:52:37
37.61754 15.16965 163.0 11:53:10
37.61729 15.16973 159.0 11:53:20
37.61706 15.16986 154.0 11:53:23
37.61656 15.17024 144.0 11:53:26
37.61632 15.17037 140.0 11:53:33
37.61557 15.1706 135.0 11:53:36
37.61508 15.17078 135.0 11:53:46
37.61419 15.17105 131.0 11:53:55
37.61381 15.17113 129.0 11:54:07
37.61344 15.17117 127.0 11:54:12
37.61327 15.17116 127.0 11:54:16
37.61304 15.17112 126.0 11:54:19
37.61264 15.17099 126.0 11:54:22
37.61223 15.17078 125.0 11:54:29
37.61066 15.16988 122.0 11:54:36
37.61045 15.16978 122.0 11:55:03
37.61021 15.1697 121.0 11:55:07
37.60966 15.16955 121.0 11:55:10
37.60934 15.16943 121.0 11:55:20
37.608 15.16909 123.0 11:55:26
37.60799 15.16909 123.0 11:56:11
37.60673 15.16876 121.0 11:56:11
37.60653 15.16871 121.0 11:56:31
37.60638 15.16871 121.0 11:56:34
37.60601 15.16872 119.0 11:56:36
37.60587 15.16875 117.0 11:56:40
37.6054 15.1689 114.0 11:56:41
37.605 15.16906 113.0 11:56:47
37.60467 15.16914 112.0 11:56:53
37.6045 15.16916 112.0 11:56:58
37.60419 15.16916 112.0 11:57:01
37.60399 15.16916 112.0 11:57:06
37.6038 15.16912 112.0 11:57:09
37.60343 15.16898 113.0 11:57:12
37.6034 15.16898 113.0 11:57:31
37.60337 15.16901 113.0 11:57:31
37.60336 15.16896 113.0 11:57:31
37.60302 15.16881 113.0 11:57:31
37.60278 15.16869 113.0 11:57:37
37.60158 15.16823 112.0 11:57:41
37.60125 15.16814 110.0 11:58:03
37.59893 15.16724 108.0 11:58:07
37.59866 15.16716 108.0 11:58:51
37.59843 15.16716 108.0 11:58:56
37.59827 15.16721 108.0 11:59:00
37.59787 15.16743 107.0 11:59:02
37.5977 15.16749 106.0 11:59:08
37.59764 15.1675 106.0 11:59:10
37.59757 15.16748 106.0 11:59:11
37.59751 15.16743 105.0 11:59:12
37.59746 15.16741 105.0 11:59:12
37.59734 15.16744 104.0 11:59:12
37.59726 15.16755 104.0 11:59:13
37.59725 15.16767 104.0 11:59:15
37.59724 15.16767 103.0 11:59:16
37.59727 15.16778 103.0 11:59:16
37.5973 15.16784 103.0 11:59:17
37.5974 15.1679 103.0 11:59:18
37.59751 15.16789 103.0 11:59:20
37.59756 15.16785 103.0 11:59:22
37.59762 15.16774 103.0 11:59:23
37.59763 15.1676 103.0 11:59:24
37.59757 15.16748 103.0 11:59:26
37.59751 15.16743 103.0 11:59:28
37.5974 15.16742 103.0 11:59:29
37.59731 15.16747 103.0 11:59:31
37.59725 15.16759 103.0 11:59:32
37.59714 15.16767 103.0 11:59:34
37.59705 15.16771 103.0 11:59:36
37.59678 15.16777 103.0 11:59:37
37.59653 15.16786 103.0 11:59:41
37.59562 15.16831 98.0 11:59:45
37.59505 15.16851 98.0 11:59:58
37.59473 15.16858 98.0 12:00:08
37.59419 15.16865 99.0 12:00:13
37.59269 15.16872 96.0 12:00:31
37.58563 15.16942 72.0 12:00:55
37.5846 15.16954 71.0 12:02:29
37.58408 15.16958 69.0 12:02:47
37.58365 15.16957 67.0 12:02:53
37.58341 15.16953 65.0 12:02:58
37.58286 15.1694 62.0 12:03:01
37.58269 15.16934 60.0 12:03:08
37.58249 15.16923 58.0 12:03:10
37.58 15.16812 41.0 12:03:12
37.57988 15.16797 40.0 12:03:47
37.57983 15.1679 39.0 12:03:49
37.57978 15.16786 39.0 12:03:49
37.57972 15.16785 38.0 12:03:50
37.57956 15.16791 38.0 12:03:50
37.57945 15.16792 38.0 12:03:53
37.57893 15.16778 38.0 12:03:55
37.57842 15.16768 37.0 12:04:04
37.57817 15.16768 37.0 12:04:12
37.57817 15.16768 37.0 12:04:16
37.57793 15.16771 36.0 12:04:16
37.57781 15.16771 35.0 12:04:19
37.57696 15.16762 31.0 12:04:20
37.5757 15.16753 28.0 12:04:31
37.57421 15.16735 23.0 12:04:51
37.57404 15.16726 22.0 12:05:10
37.572 15.16544 16.0 12:05:12
37.57188 15.16536 16.0 12:05:52
37.57156 15.16519 16.0 12:05:54
37.57054 15.1647 18.0 12:06:00
37.57053 15.1647 18.0 12:06:36
37.56947 15.16417 18.0 12:06:36
37.56862 15.16408 20.0 12:06:56
37.56839 15.16398 21.0 12:07:38
37.5674 15.16331 23.0 12:07:50
37.567 15.163 23.0 12:08:27
37.56687 15.16283 23.0 12:08:35
37.56676 15.16259 23.0 12:08:38
37.56626 15.16132 24.0 12:08:41
37.56626 15.16134 24.0 12:09:01
37.56626 15.16134 24.0 12:09:01
37.56626 15.16132 25.0 12:09:01
37.56613 15.16102 26.0 12:09:01
37.56592 15.16074 27.0 12:09:14
37.56575 15.16059 28.0 12:09:29
37.56557 15.16048 29.0 12:09:39
37.56538 15.16041 29.0 12:09:49
37.5652 15.16039 29.0 12:09:52
37.56504 15.16039 29.0 12:09:55
37.56433 15.16049 30.0 12:09:57
37.56406 15.16047 30.0 12:10:20
37.56391 15.16044 30.0 12:10:24
37.56378 15.1604 29.0 12:10:26
37.56346 15.16022 28.0 12:10:27
37.56237 15.1595 27.0 12:10:32
37.56222 15.15936 26.0 12:10:54
37.56215 15.15927 26.0 12:10:56
37.56203 15.15904 25.0 12:10:57
37.56196 15.15885 24.0 12:10:59
37.56184 15.1584 22.0 12:11:01
37.56184 15.15839 22.0 12:11:06
37.56172 15.15799 21.0 12:11:06
37.56161 15.15779 21.0 12:11:11
37.56141 15.15753 20.0 12:11:14
37.56071 15.15677 15.0 12:11:17
37.56059 15.15661 15.0 12:11:29
37.5605 15.15646 15.0 12:11:32
37.56042 15.15627 14.0 12:11:34
37.55889 15.1519 16.0 12:11:36
37.55889 15.15189 16.0 12:12:44
37.55877 15.15156 17.0 12:12:44
37.55873 15.15132 17.0 12:12:58
37.55869 15.1513 17.0 12:13:01
37.55865 15.15125 17.0 12:13:01
37.55765 15.14851 22.0 12:13:02
37.55744 15.14822 22.0 12:14:21
37.55669 15.14732 26.0 12:14:26
37.55655 15.14719 27.0 12:15:17
37.55649 15.14708 28.0 12:15:25
37.55645 15.14696 29.0 12:15:30
37.55643 15.14664 30.0 12:15:35
37.5564 15.14649 30.0 12:15:47
37.55629 15.14625 31.0 12:15:49
37.55606 15.14594 32.0 12:15:59
37.55576 15.1456 31.0 12:16:15
37.55505 15.14508 28.0 12:16:21
37.55495 15.145 28.0 12:16:31
37.55484 15.14494 27.0 12:16:33
37.55316 15.14512 27.0 12:16:34
37.55305 15.14544 27.0 12:17:04
37.55253 15.14516 28.0 12:17:09
37.5517 15.14748 20.0 12:17:27
37.55146 15.14732 19.0 12:17:53
37.55145 15.14732 19.0 12:17:56
37.55098 15.14697 21.0 12:17:56
37.55084 15.14683 22.0 12:18:23
37.55071 15.14668 22.0 12:18:31
37.55024 15.14588 19.0 12:18:34
37.54958 15.14493 15.0 12:18:44
37.54943 15.14475 15.0 12:18:57
37.5493 15.14465 15.0 12:19:00
37.54843 15.14419 16.0 12:19:02
37.54804 15.14404 16.0 12:19:19
37.54771 15.14395 15.0 12:19:26
37.54741 15.1439 14.0 12:19:31
37.54517 15.14369 12.0 12:19:35
37.54502 15.14364 12.0 12:20:15
37.54483 15.14352 11.0 12:20:17
37.54472 15.1434 11.0 12:20:19
37.54332 15.14113 11.0 12:20:21
37.5432 15.1409 12.0 12:21:02
37.54309 15.14065 12.0 12:21:12
37.54297 15.14032 12.0 12:21:16
37.5406 15.13256 21.0 12:21:21
37.54054 15.13242 21.0 12:25:00
37.54032 15.1321 22.0 12:25:02
37.54017 15.13196 23.0 12:25:18
37.53728 15.13044 21.0 12:25:27
37.53727 15.13044 21.0 12:26:23
37.53657 15.13008 18.0 12:26:23
37.53645 15.13 18.0 12:26:33
37.53637 15.12987 17.0 12:26:35
37.53631 15.12972 17.0 12:26:36
37.5363 15.12972 16.0 12:26:38
37.53517 15.12627 12.0 12:26:38
37.53509 15.12599 11.0 12:27:25
37.53502 15.1255 9.0 12:27:28
37.53502 15.12549 9.0 12:27:33
37.53496 15.12511 10.0 12:27:33
37.53496 15.12467 11.0 12:27:48
37.53499 15.12455 11.0 12:28:05
37.535 15.12433 12.0 12:28:06
37.53495 15.12413 12.0 12:28:14
37.53486 15.12393 12.0 12:28:17
37.53475 15.12335 13.0 12:28:20
37.53464 15.12242 16.0 12:28:35
37.53458 15.12241 16.0 12:29:12
37.53385 15.12149 15.0 12:29:13
37.53385 15.12148 15.0 12:29:31
37.53373 15.12134 15.0 12:29:31
37.53312 15.12059 15.0 12:29:33
37.53308 15.12057 15.0 12:29:48
37.53291 15.12036 16.0 12:29:48
37.53286 15.12024 17.0 12:29:59
37.53273 15.11961 18.0 12:30:04
37.53239 15.11962 18.0 12:30:21
37.53233 15.11958 18.0 12:30:27
37.5323 15.1195 18.0 12:30:28
37.5318 15.11661 9.0 12:30:29
37.5318 15.11651 9.0 12:31:00
37.53192 15.1163 9.0 12:31:01
37.53193 15.1162 9.0 12:31:04
37.53193 15.11602 9.0 12:31:05
37.53188 15.11577 9.0 12:31:07
37.53174 15.11457 9.0 12:31:10
37.53179 15.11422 9.0 12:31:27
37.53225 15.11313 11.0 12:31:32
37.53233 15.11303 11.0 12:32:04
37.53238 15.11303 11.0 12:32:06
37.53244 15.11308 11.0 12:32:06
37.53234 15.11285 12.0 12:32:07
37.53234 15.11284 12.0 12:32:17
37.53227 15.11271 12.0 12:32:17
37.53224 15.11266 12.0 12:32:19
37.53207 15.11226 12.0 12:32:19
37.532 15.11215 12.0 12:32:25
37.53186 15.112 11.0 12:32:27
37.53172 15.1119 11.0 12:32:29
37.53146 15.11188 10.0 12:32:31
37.53122 15.11192 9.0 12:32:34
37.53112 15.11197 9.0 12:32:37
37.53097 15.1121 9.0 12:32:38
37.53016 15.11226 10.0 12:32:41
37.53005 15.11224 11.0 12:33:08
37.52953 15.1128 11.0 12:33:13
37.5294 15.11301 10.0 12:33:25
37.5293 15.11327 10.0 12:33:27
37.52862 15.11516 11.0 12:33:31
37.5285 15.11544 11.0 12:34:00