2  -3.3 3.4 0.0 
5  2.4 -2.2 5.8 6.2 -3.6 0.5 
1  -1.9 -7.3 
2  -0.9 9.5 4.2 
3  -6.4 9.1 -9.6 0.2 
4  -0.8 8.2 -7.9 1.6 1.8 
1  -5.3 2.6 
2  3.8 -3.1 1.2 
3  -0.1 -6.5 -0.6 0.3 
2  2.2 3.3 -2.7 
5  4.1 1.1 -4.7 -3.2 4.7 -5.6 
3  5.7 -6.3 -4.1 2.3 
2  2.9 7.8 1.6 
1  9.0 -5.8 
4  0.6 -6.0 4.2 -3.6 -5.2 
2  -9.5 -1.0 2.9 
1  5.0 -9.4 
2  9.3 4.8 -7.1 
4  -1.6 5.4 5.6 -6.0 6.6 
2  3.1 0.8 4.4 
5  -7.4 2.3 3.7 3.8 1.8 -1.8 
5  4.1 -6.7 1.5 -6.1 -4.2 0.4 
1  7.7 0.6 
4  8.6 -7.9 4.5 2.4 -2.8 
1  -7.1 7.7 
4  -0.3 1.2 8.6 -1.0 6.1 
2  5.5 6.7 -4.5 
5  -6.9 -4.8 5.0 5.0 4.1 2.4 
2  -7.0 0.7 9.1 
3  3.7 -4.3 -1.3 5.3 
4  4.5 0.9 -9.1 5.8 -7.9 
4  -7.8 4.6 0.6 -7.0 -8.7 
4  0.0 9.1 6.2 -4.5 -9.0 
5  -7.6 3.7 4.8 -1.7 9.5 -5.9 
3  5.0 -0.9 -6.4 7.4 
1  9.6 -7.9 
4  9.9 -3.2 -1.6 -1.9 3.4 
4  9.9 -8.2 3.8 0.0 8.8 
3  -3.3 2.8 -0.7 -5.2 
4  -9.3 -7.9 1.0 -8.3 -8.7 
5  0.9 -8.4 3.5 -4.9 -10.0 -5.1 
5  5.6 9.8 0.3 -7.6 -9.2 -5.6 
5  8.9 0.2 9.5 -1.5 -0.7 4.3 
4  8.7 1.4 0.3 -5.2 -10.0 
4  -8.2 8.0 9.6 9.8 -1.9 
5  9.8 -9.1 5.7 -2.8 -7.8 3.8 
3  -6.2 7.9 9.0 -4.3 
4  9.1 -8.5 -1.2 5.6 1.1 
3  -6.6 -2.8 -4.5 2.8 
2  6.2 -1.4 -2.5 
