6	69	41	2019-02-15
9	97	49	2018-03-28
2	27	67	2020-10-25
0	1	69	2017-04-19
4	44	55	2017-05-19
8	85	14	2016-12-04
1	18	63	2016-03-01
0	5	59	2017-07-28
6	68	25	2020-11-21
2	23	70	2018-09-05
4	43	4	2020-10-25
9	93	73	2018-10-08
5	54	1	2017-06-07
9	98	2	2020-03-06
5	56	3	2021-05-28
1	16	76	2017-02-12
7	73	36	2017-11-09
9	99	32	2020-05-30
2	27	68	2020-11-05
1	16	63	2018-06-28
8	87	13	2017-07-19
5	56	6	2019-06-26
3	38	55	2017-11-14
2	27	23	2016-05-10
5	59	30	2016-05-17
0	9	54	2016-03-08
4	44	72	2020-09-19
5	56	54	2018-05-30
6	68	61	2017-03-07
8	87	70	2017-06-07
5	55	64	2019-10-20
9	98	7	2020-05-05
2	29	46	2019-09-26
5	59	26	2020-11-06
2	22	7	2018-08-04
8	83	23	2017-07-05
2	25	43	2020-03-07
6	66	12	2021-06-01
6	60	0	2018-05-02
5	56	65	2018-01-17
2	29	52	2021-05-12
5	56	30	2018-10-13
2	20	32	2020-06-17
5	54	29	2017-12-28
1	18	79	2017-02-15
1	16	76	2021-08-23
0	8	80	2020-08-23
6	65	35	2017-10-07
2	21	72	2018-10-14
3	32	21	2017-03-27
0	1	45	2017-01-24
5	56	65	2020-09-12
7	72	50	2018-02-25
9	90	7	2018-06-16
3	31	76	2017-07-18
8	85	28	2016-02-24
3	33	7	2020-04-07
6	69	62	2021-11-07
6	60	76	2016-06-11
7	79	63	2018-06-16
9	94	45	2016-03-27
6	69	61	2020-10-16
0	3	8	2020-10-11
1	12	63	2021-12-04
7	74	77	2021-06-11
5	52	75	2016-12-03
7	73	70	2019-02-24
5	58	7	2018-11-10
8	85	8	2017-11-04
0	1	67	2020-04-18
8	88	58	2020-05-19
3	30	64	2019-05-12
1	16	28	2019-05-16
1	14	14	2020-08-10
7	79	13	2019-06-04
4	40	3	2017-03-27
1	17	34	2021-02-11
9	91	74	2018-12-30
0	7	68	2019-09-27
4	48	43	2018-10-17
8	85	75	2020-07-10
6	69	30	2020-06-09
6	66	79	2017-06-27
6	68	6	2021-11-13
8	83	9	2019-03-18
9	99	51	2019-04-28
0	3	61	2019-10-28
5	51	35	2018-08-25
2	22	29	2020-09-12
0	1	40	2019-06-12
2	28	52	2021-11-09
5	55	58	2017-05-10
4	40	40	2017-05-01
1	13	0	2019-06-15
2	22	51	2017-05-29
2	20	6	2018-09-23
3	37	41	2021-08-08
9	91	1	2019-02-21
6	61	12	2018-04-11
1	15	42	2016-08-01
6	60	31	2018-07-28
3	33	47	2021-07-08
3	34	15	2016-02-24
8	89	66	2020-06-07
8	87	50	2021-10-05
5	59	3	2018-07-20
9	93	32	2016-02-09
3	35	65	2018-06-07
7	73	4	2016-01-01
7	77	26	2020-07-19
1	19	61	2018-11-23
1	10	32	2020-08-10
5	56	6	2019-12-10
2	28	21	2018-11-04
9	93	53	2018-08-28
0	4	0	2017-04-29
3	35	7	2018-03-05
0	5	52	2018-02-13
4	43	25	2020-05-23
4	48	40	2019-02-01
5	52	3	2020-05-27
0	7	39	2017-10-12
9	90	67	2016-10-05
4	49	10	2018-08-23
5	52	15	2017-08-02
1	19	69	2017-02-11
0	4	15	2017-08-17
2	23	55	2019-05-14
0	8	45	2020-05-26
0	9	31	2017-05-08
9	93	8	2018-11-10
1	14	31	2018-03-24
7	70	37	2019-10-24
2	21	3	2018-03-08
5	51	29	2016-06-25
6	61	62	2017-05-09
8	85	5	2020-10-05
0	1	46	2018-08-24
3	36	24	2017-01-15
4	44	49	2019-10-02
7	76	18	2017-03-19
5	50	6	2016-09-02
8	82	71	2020-01-12
9	95	36	2020-11-26
0	3	34	2021-11-14
7	75	59	2020-11-29
0	5	16	2020-04-12
6	60	34	2017-09-14
8	84	53	2017-01-12
0	1	34	2018-12-23
4	43	30	2018-10-18
5	56	5	2017-10-09
2	24	12	2017-02-29
2	28	49	2018-12-02
0	3	60	2018-06-22
6	63	76	2020-08-16
2	21	33	2020-06-19
1	10	57	2017-05-08
7	72	41	2019-04-05
6	68	80	2016-07-20
9	98	4	2017-01-03
7	78	77	2017-11-09
9	98	22	2016-09-27
4	46	5	2018-01-22
5	56	10	2019-09-08
0	6	69	2019-06-24
6	69	27	2018-11-13
6	65	70	2021-05-11
3	38	46	2017-10-23
9	99	6	2020-09-19
7	79	63	2020-06-13
1	11	19	2016-09-01
3	30	25	2018-09-06
1	16	73	2017-05-24
5	55	11	2017-10-19
1	19	50	2018-01-16
3	32	76	2018-08-21
1	16	51	2021-06-19
7	73	71	2020-11-05
9	98	75	2017-04-06
8	85	48	2020-05-23
7	75	47	2020-06-22
5	51	50	2016-09-21
9	97	5	2017-07-25
5	57	15	2020-12-18
4	41	2	2020-09-28
6	62	8	2019-12-17
5	51	6	2017-09-09
2	25	7	2018-12-03
1	13	37	2020-06-18
4	48	4	2018-09-09
1	17	61	2020-04-06
7	74	79	2021-05-22
6	67	44	2018-01-04
4	46	4	2017-03-18
0	5	70	2020-06-27
9	95	16	2019-06-04
3	39	60	2016-03-04
3	33	35	2020-11-25
4	42	7	2017-07-25
4	47	37	2016-09-14
2	22	36	2017-03-29
6	60	53	2017-07-17
9	99	27	2020-11-01
0	1	77	2017-11-12
7	73	22	2017-06-18
4	45	11	2017-12-24
5	57	58	2018-02-21
9	92	69	2018-05-18
8	83	68	2019-04-28
1	10	46	2019-11-06
5	59	37	2018-10-23
3	37	17	2020-05-07
0	1	20	2017-06-09
6	65	36	2017-02-28
8	82	76	2017-07-21
2	22	35	2018-04-25
8	86	80	2018-01-18
5	56	32	2017-03-22
3	34	10	2018-01-14
6	61	13	2017-02-27
4	48	45	2020-03-08
6	64	22	2019-03-28
6	60	18	2019-05-03
9	90	49	2020-10-25
1	16	40	2018-04-07
9	94	38	2017-06-26
7	71	45	2019-06-03
7	78	64	2017-08-12
2	22	16	2020-05-16
3	36	67	2017-08-18
1	10	79	2019-04-04
5	51	67	2019-08-24
2	25	65	2018-05-05
4	43	0	2018-04-25
7	77	72	2017-09-10
2	22	58	2021-08-17
1	10	0	2016-07-07
0	7	39	2019-04-16
2	20	32	2016-07-21
1	13	22	2017-06-03
5	51	30	2016-10-28
8	88	72	2016-05-26
4	43	41	2016-05-26
6	64	72	2021-09-02
2	28	30	2016-12-15
8	85	46	2018-10-15
4	43	50	2021-09-17
1	17	52	2017-07-12
9	95	4	2020-05-20
